148 5
t -0.12597 0.028402 -0.12903 -0.10375 -0.032142 
co 0.046408 -0.045643 0.010932 0.078096 0.062779 
barackobama -0.035251 -0.0076302 -0.0017722 -0.014689 0.019792 
s 0.04515 -0.04672 0.059124 0.10883 -0.10296 
oil -0.046886 -0.045829 0.0018975 -0.030625 0.033855 
iran -0.048056 0.038849 -0.063582 0.022535 -0.0017347 
gas -0.0050424 -0.030383 -0.028155 -0.072555 0.014979 
cont 0.023973 -0.013124 -0.030516 0.008528 -0.052411 
us 0.021428 0.088551 0.070656 -0.0083528 -0.056721 
opec 0.017983 0.0092732 0.058387 0.049848 0.034443 
will 0.017887 -0.0051014 0.041441 0.039187 0.025356 
china 0.017317 0.0095822 -0.044851 -0.016023 0.0030371 
iraq -0.028897 0.014192 0.0054081 -0.0069653 -0.0017157 
prices -0.049362 -0.012898 0.021045 0.0090632 0.019695 
trump -0.056948 -0.019373 0.0059046 -0.0099908 0.024858 
keystone 0.012205 0.04095 0.013154 -0.017084 0.033308 
interview -0.020586 0.012529 -0.015493 0.0068377 -0.040548 
nuclear -0.035648 -0.0309 0.021032 0.0033812 0.027378 
forward -0.011385 -0.020855 0.066465 0.042295 -0.0097603 
looking -0.01083 0.017004 0.0094739 -0.023031 0.014585 
vegas 0.047079 -0.014738 -0.0042406 -0.014688 0.11306 
las -0.058285 -0.0063427 -0.059865 -0.085719 0.011584 
america 0.025035 -0.040032 0.026159 0.036229 -0.00037651 
now -0.040893 0.05912 0.047387 -0.021374 0.042225 
m -0.13635 0.059658 0.062153 0.14837 -0.053617 
discussing 0.0029608 0.0054858 -0.0061661 -0.0077939 -0.0074351 
price -0.020127 -0.0078427 0.011324 -0.026292 0.02333 
hotel 0.0099539 -0.025557 0.019967 -0.024598 -0.025844 
canada 0.0054169 0.050452 0.019494 -0.006364 0.0053451 
mittromney 0.01887 0.012756 -0.014623 -0.016132 -0.014288 
get -0.01873 -0.015436 0.0085476 0.018331 0.027661 
must 0.024671 -0.056182 -0.020071 0.017112 -0.017687 
energy 0.064163 0.0094655 0.051383 -0.0013192 -0.015576 
high -0.011924 -0.027038 0.024522 -0.055662 -0.072924 
can -0.0024448 0.0029977 0.044301 -0.024462 -0.021895 
iranian -0.024723 0.031752 0.0073657 0.055986 -0.021062 
amp 0.054656 -0.031449 0.036485 0.0059253 0.041859 
jobs -0.011348 0.049134 -0.050817 0.035031 0.021918 
pipeline 0.020717 -0.011565 -0.023048 -0.027174 0.016967 
israel -0.0037536 -0.021081 0.025023 0.021005 0.021834 
year 0.058292 -0.029086 0.053631 -0.02184 -0.0081815 
election -0.048774 -0.041685 0.038212 0.0028848 0.016001 
world -0.02081 -0.035905 -0.027634 -0.033614 0.052996 
new 0.026499 0.004023 -0.010487 0.021997 0.027786 
attack -0.0074806 0.02223 -0.053281 -0.024369 -0.027222 
won -0.029492 -0.0077403 -0.012305 -0.0018479 0.015958 
timetogettough -0.024888 -0.0014057 0.014632 0.018869 -0.0039265 
today -0.063989 -0.013779 0.016938 0.041509 0.0020224 
economy -0.021251 -0.0047445 0.0087812 -0.02353 0.017475 
ripping -0.020926 0.0097036 -0.020648 -0.015833 0.024913 
war 0.011377 -0.072688 -0.024148 0.036985 -0.022682 
crude -0.0041996 -0.023976 0.038312 -0.0073614 0.017129 
barrel 0.03823 -0.031022 0.025264 0.016055 -0.016241 
deal -0.0041856 -0.020878 -0.05056 -0.0027884 0.0046603 
miss -0.024811 0.010348 0.015224 0.0183 -0.01978 
obama -0.048637 -0.00010464 -0.028175 -0.019634 0.028089 
going -0.010352 -0.0073263 0.0068694 0.018182 0.020596 
country -0.018493 -0.041591 -0.029156 -0.015874 -0.010665 
still 0.0068665 -0.048551 0.032395 0.0030932 0.022613 
libya 0.01093 0.055414 -0.00035547 0.040376 -0.047275 
time -0.028494 -0.016277 -0.027176 -0.04028 0.013245 
just -0.041874 -0.01998 0.012735 0.074888 -0.030656 
gallon 0.0068629 0.018444 -0.017989 -0.004544 0.047177 
send 0.015807 0.011121 0.014264 0.022893 0.023011 
national -0.024741 0.013525 -0.023375 -0.027063 -0.0091081 
j 0.044059 0.052823 -0.055074 -0.17377 0.0090503 
great -0.015862 -0.023468 -0.0064741 0.064047 -0.045549 
com 0.0044702 0.061403 -0.056695 -0.017705 0.0047987 
take 0.048196 0.0091481 0.039909 0.01504 -0.0044793 
threat -0.022587 0.020754 -0.0031834 0.0037265 0.0032866 
don -0.044279 -0.017051 -0.010423 -0.089622 -0.0073743 
global -0.026695 0.0018813 0.038141 0.0065891 -0.0061458 
international -0.013138 0.011265 -0.026668 -0.012521 -0.020319 
warming 0.0051414 -0.020741 -0.031668 0.02089 0.019249 
gretawire 0.015386 -0.015438 -0.0048556 0.020763 0.019351 
resources 0.031793 -0.010631 0.016475 -0.026859 -0.022441 
record 0.012427 0.014003 0.031863 0.036242 0.0014243 
nbc 0.0055394 0.029963 0.055971 -0.1007 -0.031905 
rising -0.027202 -0.024282 0.020084 0.02341 0.0036756 
warfare 0.0041555 -0.00026359 -0.070493 -0.030104 -0.022196 
gop -0.022315 0.0093881 0.0024996 0.023243 0.043828 
first 0.01141 -0.015219 -0.052137 -0.014236 0.018854 
class -0.055729 -0.045152 0.044644 -0.00065327 -0.018896 
approve -0.013297 0.069035 0.0035434 -0.019817 -0.022408 
president 0.019287 -0.032093 -0.026499 -0.047163 0.0043133 
lower 0.018964 0.042012 0.032614 -0.022067 0.019277 
right 0.016708 0.033555 -0.0075498 -0.046964 -0.036011 
debt 0.064978 -0.049458 0.042741 0.040014 -0.0056972 
open -0.012631 -0.036793 0.064267 0.12809 -0.028702 
drive -0.017146 0.0084866 -0.023274 0.0095005 -0.0014304 
next -0.021893 0.012507 0.0093953 -0.031283 -0.0017077 
watch 0.016929 0.012129 -0.019585 0.002801 -0.03933 
usa 0.014568 -0.024034 -0.095509 0.040859 0.0052579 
need -0.027143 -0.010119 -0.044485 -0.011717 -0.014049 
see 0.041108 0.062619 0.020509 -0.067276 0.013009 
p -0.093735 -0.044636 -0.088729 0.055035 0.045786 
et -0.044948 0.023189 -0.064674 0.030903 -0.038337 
wants 0.028235 0.047873 0.0066957 0.086231 0.087291 
believe -0.0012869 0.016582 0.0068755 0.02166 -0.011083 
award -0.040139 -0.023479 0.04762 -0.040212 -0.016404 
back -0.013721 0.018438 -0.03891 -0.057891 0.0063832 
program -0.033335 0.017934 -0.021382 -0.031652 0.013601 
laughing -0.04299 0.025529 -0.030985 -0.035406 0.028076 
keep -0.020261 -0.020549 -0.0304 0.0046374 0.026192 
much -0.071827 0.048829 -0.064685 -0.030185 -0.031788 
sanctions 0.013142 0.022324 -0.021821 0.039771 -0.022209 
know 0.036657 0.069928 -0.027028 -0.068491 0.053291 
taking 0.0098375 -0.01907 -0.0092938 -0.017352 -0.0099135 
bad 0.038437 0.0039285 -0.035528 -0.017607 -0.0032371 
tower -0.018324 0.06401 0.018901 -0.019653 0.058903 
never 5.1953e-05 0.011349 -0.029257 -0.0048033 0.062669 
hormuz 0.012218 -0.0068168 -0.052427 -0.015395 -0.012685 
show -0.043185 0.022709 -0.016927 -0.045951 -0.011684 
pay -0.083544 -0.069093 -0.02602 -0.0050763 -0.033272 
awards -0.0031019 -0.017215 0.047233 -0.038176 0.0036113 
stop -0.033306 -0.0058833 0.055855 -0.037468 -0.04044 
last 0.010283 0.023852 -0.026579 -0.0070726 0.0012763 
www -0.0032005 -0.096264 0.040441 -0.11677 0.042539 
americans 0.032263 -0.031092 -0.0025026 0.023025 -0.0043027 
week -0.0031538 -0.026782 0.067895 0.0085222 -0.019773 
real 0.0086822 -0.012165 -0.01882 0.078939 -0.015131 
give -0.038429 -0.020801 -0.011925 0.041705 0.014716 
put -0.0011844 -0.028631 -0.069014 -0.038303 -0.0089531 
e 0.0079889 -0.09114 -0.076263 -0.018182 0.12046 
collection -0.016073 -0.0028696 0.030773 0.0097185 -0.017218 
yesterday -0.0084571 -0.025519 -0.0085681 0.0055832 0.0017601 
stopped -0.019924 0.0041712 0.013324 -0.016679 -0.033966 
demand 0.018778 -0.039383 -0.029302 -0.030047 0.042819 
r 0.0084781 -0.026254 0.1287 -0.14122 0.014031 
state 0.020004 0.018191 -0.034127 -0.032808 0.0076179 
leave -0.032268 0.024776 0.057181 -0.025179 0.013383 
way 0.00045311 -0.023468 0.032382 -0.04187 -0.0086655 
ly 0.0596 0.014334 0.00081487 -0.078504 0.0024912 
economic -0.0014353 -0.015742 -0.0040421 0.0061806 -0.014998 
pm 0.0073015 0.053262 0.033681 0.0040987 0.09528 
pageant -0.00027464 0.0045888 -0.012922 0.013563 -0.025124 
live -0.019381 -0.02088 -0.0015619 -0.017834 -0.012716 
saudi -0.012997 0.028464 0.04181 0.023424 0.0057363 
tonight -0.04024 -0.0046716 0.04776 -0.030493 0.0040831 
squawkcnbc -0.018841 0.006501 -0.010773 2.4977e-05 0.0046194 
policy 0.037043 -0.030074 -0.033459 -0.032799 -0.043022 
media 0.040134 0.047391 0.032551 -0.056781 -0.021371 
money 0.0069609 0.010392 0.021093 -0.0034812 -0.0070472 
may -0.062957 0.0049783 -0.033046 0.014937 -0.028019 
made 0.0089382 -0.0089149 -0.0015371 -0.041586 -0.00756 
say -0.020969 -0.060264 0.074285 0.0034046 0.00015073 
security 0.0033382 0.060094 0.037863 0.011678 -0.0059663 
already -0.011241 0.035586 -0.0085444 0.059633 0.023179 
